0.000000000
0.000650396
0.001566512
0.002316753
0.002535403
0.002075091
0.000511422
-0.002092982
-0.004573130
-0.005646565
-0.004475057
-0.000548401
0.005374569
0.010779014
0.012802498
0.009395663
-0.000199341
-0.014087974
-0.027094746
-0.032324082
-0.022716224
0.007909709
0.062815356
0.140943752
0.237633926
0.345307580
0.453745008
0.551658357
0.628148106
0.672740122
0.676180520
0.632226110
0.538411190
0.396799818
0.215631519
0.009395663
-0.203028362
-0.400108778
-0.560131367
-0.665098593
-0.703371801
-0.670476978
-0.569905880
-0.412807588
-0.215599659
0.002075091
0.218646485
0.413031359
0.566899262
0.665480808
0.698896744
0.664550192
0.565505936
0.410887792
0.215830861
-0.000000000
-0.215830861
-0.410887792
-0.565505936
-0.664550192
-0.698896744
-0.664830413
-0.565332750
-0.410714606
-0.216111082
0.000000000
0.216111082
0.410714606
0.565332750
0.664830413
0.698896744
0.664550192
0.565505936
0.410887792
0.215830861
0.000000000
-0.215830861
-0.410887792
-0.565505936
-0.664550192
-0.698896744
-0.664830413
-0.565332750
-0.410714606
-0.216111082
-0.000000000
0.216111082
0.410714606
0.565332750
0.664830413
0.698896744
0.664550192
0.565505936
0.410887792
0.215830861
-0.000000000
-0.215830861
-0.410887792
-0.565505936
-0.664550192
-0.698896744
-0.664830413
-0.565332750
-0.410714606
-0.216111082
0.000000000
0.216111082
0.410714606
0.565332750
0.664830413
0.698896744
0.664550192
0.565505936
0.410887792
0.215830861
0.000000000
-0.215830861
-0.410887792
-0.565505936
-0.664550192
-0.698896744
-0.664830413
-0.565332750
-0.410714606
-0.216111082
0.000000000
0.216111082
0.410714606
