1.000000000
0.501628851
0.235114101
0.389976320
0.951056516
0.700000000
0.380422607
0.742647472
0.587785252
-0.069005059
-0.000000000
0.069005059
-0.587785252
-0.742647472
-0.380422607
-0.700000000
-0.951056516
-0.389976320
-0.235114101
-0.501628851
0.000000000
0.501628851
0.235114101
0.389976320
0.951056516
0.700000000
0.380422607
0.742647472
0.587785252
-0.069005059
-0.000000000
0.069005059
-0.587785252
-0.742647472
-0.380422607
-0.700000000
-0.951056516
-0.389976320
-0.235114101
-0.501628851
0.000000000
0.501628851
0.235114101
0.389976320
0.951056516
0.700000000
0.380422607
0.742647472
0.587785252
-0.069005059
0.000000000
0.069005059
-0.587785252
-0.742647472
-0.380422607
-0.700000000
-0.951056516
-0.389976320
-0.235114101
-0.501628851
-0.000000000
0.501628851
0.235114101
0.389976320
0.951056516
0.700000000
0.380422607
0.742647472
0.587785252
-0.069005059
-0.000000000
0.069005059
-0.587785252
-0.742647472
-0.380422607
-0.700000000
-0.951056516
-0.389976320
-0.235114101
-0.501628851
0.000000000
0.501628851
0.235114101
0.389976320
0.951056516
0.700000000
0.380422607
0.742647472
0.587785252
-0.069005059
-0.000000000
0.069005059
-0.587785252
-0.742647472
-0.380422607
-0.700000000
-0.951056516
-0.389976320
-0.235114101
-0.501628851
0.000000000
0.501628851
0.235114101
0.389976320
0.951056516
0.700000000
0.380422607
0.742647472
0.587785252
-0.069005059
-0.000000000
0.069005059
-0.587785252
-0.742647472
-0.380422607
-0.700000000
-0.951056516
-0.389976320
-0.235114101
-0.501628851
-0.000000000
0.501628851
0.235114101
0.389976320
0.951056516
0.700000000
0.380422607
0.742647472
